|                                       Parameters |                     0 |                     1 |   2 |                     3 |   4 |                    5 |                     6 |   7 |                      8 |   9 |                    10 |  11 |                    12 |                   13 |                    14 |                   15 |  16 |  17 |                    18 |  19 |                   20 |                  21 |  22 |  23 |  24 |  25 |  26 |  27 |  28 |  29 |  30 |  31 |  32 |  33 |  34 |  35 |
|     HESS_J1825-137_gamma-cat_ecpl.spectral.index | 0.0008999999597668652 |                   0.0 | 0.0 |                   0.0 | 0.0 |                  0.0 |                   0.0 | 0.0 |                    0.0 | 0.0 |                   0.0 | 0.0 |                   0.0 |                  0.0 |                   0.0 |                  0.0 | 0.0 | 0.0 |                   0.0 | 0.0 |                  0.0 |                 0.0 | 0.0 | 0.0 | 0.0 | 0.0 | 0.0 | 0.0 | 0.0 | 0.0 | 0.0 | 0.0 | 0.0 | 0.0 | 0.0 | 0.0 |
| HESS_J1825-137_gamma-cat_ecpl.spectral.amplitude |                   0.0 | 2.499999980020986e-25 | 0.0 |                   0.0 | 0.0 |                  0.0 |                   0.0 | 0.0 |                    0.0 | 0.0 |                   0.0 | 0.0 |                   0.0 |                  0.0 |                   0.0 |                  0.0 | 0.0 | 0.0 |                   0.0 | 0.0 |                  0.0 |                 0.0 | 0.0 | 0.0 | 0.0 | 0.0 | 0.0 | 0.0 | 0.0 | 0.0 | 0.0 | 0.0 | 0.0 | 0.0 | 0.0 | 0.0 |
| HESS_J1825-137_gamma-cat_ecpl.spectral.reference |                   0.0 |                   0.0 | 0.0 |                   0.0 | 0.0 |                  0.0 |                   0.0 | 0.0 |                    0.0 | 0.0 |                   0.0 | 0.0 |                   0.0 |                  0.0 |                   0.0 |                  0.0 | 0.0 | 0.0 |                   0.0 | 0.0 |                  0.0 |                 0.0 | 0.0 | 0.0 | 0.0 | 0.0 | 0.0 | 0.0 | 0.0 | 0.0 | 0.0 | 0.0 | 0.0 | 0.0 | 0.0 | 0.0 |
|   HESS_J1825-137_gamma-cat_ecpl.spectral.lambda_ |                   0.0 |                   0.0 | 0.0 | 0.0001370434579122887 | 0.0 |                  0.0 |                   0.0 | 0.0 |                    0.0 | 0.0 |                   0.0 | 0.0 |                   0.0 |                  0.0 |                   0.0 |                  0.0 | 0.0 | 0.0 |                   0.0 | 0.0 |                  0.0 |                 0.0 | 0.0 | 0.0 | 0.0 | 0.0 | 0.0 | 0.0 | 0.0 | 0.0 | 0.0 | 0.0 | 0.0 | 0.0 | 0.0 | 0.0 |
|     HESS_J1825-137_gamma-cat_ecpl.spectral.alpha |                   0.0 |                   0.0 | 0.0 |                   0.0 | 0.0 |                  0.0 |                   0.0 | 0.0 |                    0.0 | 0.0 |                   0.0 | 0.0 |                   0.0 |                  0.0 |                   0.0 |                  0.0 | 0.0 | 0.0 |                   0.0 | 0.0 |                  0.0 |                 0.0 | 0.0 | 0.0 | 0.0 | 0.0 | 0.0 | 0.0 | 0.0 | 0.0 | 0.0 | 0.0 | 0.0 | 0.0 | 0.0 | 0.0 |
|          HESS_J1825-137_hgps_ecpl.spectral.index |                   0.0 |                   0.0 | 0.0 |                   0.0 | 0.0 | 0.003909535465264347 |                   0.0 | 0.0 |                    0.0 | 0.0 |                   0.0 | 0.0 |                   0.0 |                  0.0 |                   0.0 |                  0.0 | 0.0 | 0.0 |                   0.0 | 0.0 |                  0.0 |                 0.0 | 0.0 | 0.0 | 0.0 | 0.0 | 0.0 | 0.0 | 0.0 | 0.0 | 0.0 | 0.0 | 0.0 | 0.0 | 0.0 | 0.0 |
|      HESS_J1825-137_hgps_ecpl.spectral.amplitude |                   0.0 |                   0.0 | 0.0 |                   0.0 | 0.0 |                  0.0 | 8.149438274337298e-24 | 0.0 |                    0.0 | 0.0 |                   0.0 | 0.0 |                   0.0 |                  0.0 |                   0.0 |                  0.0 | 0.0 | 0.0 |                   0.0 | 0.0 |                  0.0 |                 0.0 | 0.0 | 0.0 | 0.0 | 0.0 | 0.0 | 0.0 | 0.0 | 0.0 | 0.0 | 0.0 | 0.0 | 0.0 | 0.0 | 0.0 |
|      HESS_J1825-137_hgps_ecpl.spectral.reference |                   0.0 |                   0.0 | 0.0 |                   0.0 | 0.0 |                  0.0 |                   0.0 | 0.0 |                    0.0 | 0.0 |                   0.0 | 0.0 |                   0.0 |                  0.0 |                   0.0 |                  0.0 | 0.0 | 0.0 |                   0.0 | 0.0 |                  0.0 |                 0.0 | 0.0 | 0.0 | 0.0 | 0.0 | 0.0 | 0.0 | 0.0 | 0.0 | 0.0 | 0.0 | 0.0 | 0.0 | 0.0 | 0.0 |
|        HESS_J1825-137_hgps_ecpl.spectral.lambda_ |                   0.0 |                   0.0 | 0.0 |                   0.0 | 0.0 |                  0.0 |                   0.0 | 0.0 | 0.00045667495837206987 | 0.0 |                   0.0 | 0.0 |                   0.0 |                  0.0 |                   0.0 |                  0.0 | 0.0 | 0.0 |                   0.0 | 0.0 |                  0.0 |                 0.0 | 0.0 | 0.0 | 0.0 | 0.0 | 0.0 | 0.0 | 0.0 | 0.0 | 0.0 | 0.0 | 0.0 | 0.0 | 0.0 | 0.0 |
|          HESS_J1825-137_hgps_ecpl.spectral.alpha |                   0.0 |                   0.0 | 0.0 |                   0.0 | 0.0 |                  0.0 |                   0.0 | 0.0 |                    0.0 | 0.0 |                   0.0 | 0.0 |                   0.0 |                  0.0 |                   0.0 |                  0.0 | 0.0 | 0.0 |                   0.0 | 0.0 |                  0.0 |                 0.0 | 0.0 | 0.0 | 0.0 | 0.0 | 0.0 | 0.0 | 0.0 | 0.0 | 0.0 | 0.0 | 0.0 | 0.0 | 0.0 | 0.0 |
|         4FGL_J1824.4-1350e_lp.spectral.amplitude |                   0.0 |                   0.0 | 0.0 |                   0.0 | 0.0 |                  0.0 |                   0.0 | 0.0 |                    0.0 | 0.0 | 6.324134198878831e-29 | 0.0 |                   0.0 |                  0.0 |                   0.0 |                  0.0 | 0.0 | 0.0 |                   0.0 | 0.0 |                  0.0 |                 0.0 | 0.0 | 0.0 | 0.0 | 0.0 | 0.0 | 0.0 | 0.0 | 0.0 | 0.0 | 0.0 | 0.0 | 0.0 | 0.0 | 0.0 |
|         4FGL_J1824.4-1350e_lp.spectral.reference |                   0.0 |                   0.0 | 0.0 |                   0.0 | 0.0 |                  0.0 |                   0.0 | 0.0 |                    0.0 | 0.0 |                   0.0 | 0.0 |                   0.0 |                  0.0 |                   0.0 |                  0.0 | 0.0 | 0.0 |                   0.0 | 0.0 |                  0.0 |                 0.0 | 0.0 | 0.0 | 0.0 | 0.0 | 0.0 | 0.0 | 0.0 | 0.0 | 0.0 | 0.0 | 0.0 | 0.0 | 0.0 | 0.0 |
|             4FGL_J1824.4-1350e_lp.spectral.alpha |                   0.0 |                   0.0 | 0.0 |                   0.0 | 0.0 |                  0.0 |                   0.0 | 0.0 |                    0.0 | 0.0 |                   0.0 | 0.0 | 0.0017429992654545284 |                  0.0 |                   0.0 |                  0.0 | 0.0 | 0.0 |                   0.0 | 0.0 |                  0.0 |                 0.0 | 0.0 | 0.0 | 0.0 | 0.0 | 0.0 | 0.0 | 0.0 | 0.0 | 0.0 | 0.0 | 0.0 | 0.0 | 0.0 | 0.0 |
|              4FGL_J1824.4-1350e_lp.spectral.beta |                   0.0 |                   0.0 | 0.0 |                   0.0 | 0.0 |                  0.0 |                   0.0 | 0.0 |                    0.0 | 0.0 |                   0.0 | 0.0 |                   0.0 | 0.000299218288537087 |                   0.0 |                  0.0 | 0.0 | 0.0 |                   0.0 | 0.0 |                  0.0 |                 0.0 | 0.0 | 0.0 | 0.0 | 0.0 | 0.0 | 0.0 | 0.0 | 0.0 | 0.0 | 0.0 | 0.0 | 0.0 | 0.0 | 0.0 |
|       2FHL_J1824.5-1350e_pl-2.spectral.amplitude |                   0.0 |                   0.0 | 0.0 |                   0.0 | 0.0 |                  0.0 |                   0.0 | 0.0 |                    0.0 | 0.0 |                   0.0 | 0.0 |                   0.0 |                  0.0 | 4.173159865792929e-21 |                  0.0 | 0.0 | 0.0 |                   0.0 | 0.0 |                  0.0 |                 0.0 | 0.0 | 0.0 | 0.0 | 0.0 | 0.0 | 0.0 | 0.0 | 0.0 | 0.0 | 0.0 | 0.0 | 0.0 | 0.0 | 0.0 |
|           2FHL_J1824.5-1350e_pl-2.spectral.index |                   0.0 |                   0.0 | 0.0 |                   0.0 | 0.0 |                  0.0 |                   0.0 | 0.0 |                    0.0 | 0.0 |                   0.0 | 0.0 |                   0.0 |                  0.0 |                   0.0 | 0.012099999868869782 | 0.0 | 0.0 |                   0.0 | 0.0 |                  0.0 |                 0.0 | 0.0 | 0.0 | 0.0 | 0.0 | 0.0 | 0.0 | 0.0 | 0.0 | 0.0 | 0.0 | 0.0 | 0.0 | 0.0 | 0.0 |
|            2FHL_J1824.5-1350e_pl-2.spectral.emin |                   0.0 |                   0.0 | 0.0 |                   0.0 | 0.0 |                  0.0 |                   0.0 | 0.0 |                    0.0 | 0.0 |                   0.0 | 0.0 |                   0.0 |                  0.0 |                   0.0 |                  0.0 | 0.0 | 0.0 |                   0.0 | 0.0 |                  0.0 |                 0.0 | 0.0 | 0.0 | 0.0 | 0.0 | 0.0 | 0.0 | 0.0 | 0.0 | 0.0 | 0.0 | 0.0 | 0.0 | 0.0 | 0.0 |
|            2FHL_J1824.5-1350e_pl-2.spectral.emax |                   0.0 |                   0.0 | 0.0 |                   0.0 | 0.0 |                  0.0 |                   0.0 | 0.0 |                    0.0 | 0.0 |                   0.0 | 0.0 |                   0.0 |                  0.0 |                   0.0 |                  0.0 | 0.0 | 0.0 |                   0.0 | 0.0 |                  0.0 |                 0.0 | 0.0 | 0.0 | 0.0 | 0.0 | 0.0 | 0.0 | 0.0 | 0.0 | 0.0 | 0.0 | 0.0 | 0.0 | 0.0 | 0.0 |
|         3FHL_J1824.5-1351e_lp.spectral.amplitude |                   0.0 |                   0.0 | 0.0 |                   0.0 | 0.0 |                  0.0 |                   0.0 | 0.0 |                    0.0 | 0.0 |                   0.0 | 0.0 |                   0.0 |                  0.0 |                   0.0 |                  0.0 | 0.0 | 0.0 | 3.424280448932674e-24 | 0.0 |                  0.0 |                 0.0 | 0.0 | 0.0 | 0.0 | 0.0 | 0.0 | 0.0 | 0.0 | 0.0 | 0.0 | 0.0 | 0.0 | 0.0 | 0.0 | 0.0 |
|         3FHL_J1824.5-1351e_lp.spectral.reference |                   0.0 |                   0.0 | 0.0 |                   0.0 | 0.0 |                  0.0 |                   0.0 | 0.0 |                    0.0 | 0.0 |                   0.0 | 0.0 |                   0.0 |                  0.0 |                   0.0 |                  0.0 | 0.0 | 0.0 |                   0.0 | 0.0 |                  0.0 |                 0.0 | 0.0 | 0.0 | 0.0 | 0.0 | 0.0 | 0.0 | 0.0 | 0.0 | 0.0 | 0.0 | 0.0 | 0.0 | 0.0 | 0.0 |
|             3FHL_J1824.5-1351e_lp.spectral.alpha |                   0.0 |                   0.0 | 0.0 |                   0.0 | 0.0 |                  0.0 |                   0.0 | 0.0 |                    0.0 | 0.0 |                   0.0 | 0.0 |                   0.0 |                  0.0 |                   0.0 |                  0.0 | 0.0 | 0.0 |                   0.0 | 0.0 | 0.010672338055485397 |                 0.0 | 0.0 | 0.0 | 0.0 | 0.0 | 0.0 | 0.0 | 0.0 | 0.0 | 0.0 | 0.0 | 0.0 | 0.0 | 0.0 | 0.0 |
|              3FHL_J1824.5-1351e_lp.spectral.beta |                   0.0 |                   0.0 | 0.0 |                   0.0 | 0.0 |                  0.0 |                   0.0 | 0.0 |                    0.0 | 0.0 |                   0.0 | 0.0 |                   0.0 |                  0.0 |                   0.0 |                  0.0 | 0.0 | 0.0 |                   0.0 | 0.0 |                  0.0 | 0.00324442947373417 | 0.0 | 0.0 | 0.0 | 0.0 | 0.0 | 0.0 | 0.0 | 0.0 | 0.0 | 0.0 | 0.0 | 0.0 | 0.0 | 0.0 |
|               HAWC_J1825-138_ecpl.spectral.index |                   0.0 |                   0.0 | 0.0 |                   0.0 | 0.0 |                  0.0 |                   0.0 | 0.0 |                    0.0 | 0.0 |                   0.0 | 0.0 |                   0.0 |                  0.0 |                   0.0 |                  0.0 | 0.0 | 0.0 |                   0.0 | 0.0 |                  0.0 |                 0.0 | 0.0 | 0.0 | 0.0 | 0.0 | 0.0 | 0.0 | 0.0 | 0.0 | 0.0 | 0.0 | 0.0 | 0.0 | 0.0 | 0.0 |
|           HAWC_J1825-138_ecpl.spectral.amplitude |                   0.0 |                   0.0 | 0.0 |                   0.0 | 0.0 |                  0.0 |                   0.0 | 0.0 |                    0.0 | 0.0 |                   0.0 | 0.0 |                   0.0 |                  0.0 |                   0.0 |                  0.0 | 0.0 | 0.0 |                   0.0 | 0.0 |                  0.0 |                 0.0 | 0.0 | 0.0 | 0.0 | 0.0 | 0.0 | 0.0 | 0.0 | 0.0 | 0.0 | 0.0 | 0.0 | 0.0 | 0.0 | 0.0 |
|           HAWC_J1825-138_ecpl.spectral.reference |                   0.0 |                   0.0 | 0.0 |                   0.0 | 0.0 |                  0.0 |                   0.0 | 0.0 |                    0.0 | 0.0 |                   0.0 | 0.0 |                   0.0 |                  0.0 |                   0.0 |                  0.0 | 0.0 | 0.0 |                   0.0 | 0.0 |                  0.0 |                 0.0 | 0.0 | 0.0 | 0.0 | 0.0 | 0.0 | 0.0 | 0.0 | 0.0 | 0.0 | 0.0 | 0.0 | 0.0 | 0.0 | 0.0 |
|             HAWC_J1825-138_ecpl.spectral.lambda_ |                   0.0 |                   0.0 | 0.0 |                   0.0 | 0.0 |                  0.0 |                   0.0 | 0.0 |                    0.0 | 0.0 |                   0.0 | 0.0 |                   0.0 |                  0.0 |                   0.0 |                  0.0 | 0.0 | 0.0 |                   0.0 | 0.0 |                  0.0 |                 0.0 | 0.0 | 0.0 | 0.0 | 0.0 | 0.0 | 0.0 | 0.0 | 0.0 | 0.0 | 0.0 | 0.0 | 0.0 | 0.0 | 0.0 |
|               HAWC_J1825-138_ecpl.spectral.alpha |                   0.0 |                   0.0 | 0.0 |                   0.0 | 0.0 |                  0.0 |                   0.0 | 0.0 |                    0.0 | 0.0 |                   0.0 | 0.0 |                   0.0 |                  0.0 |                   0.0 |                  0.0 | 0.0 | 0.0 |                   0.0 | 0.0 |                  0.0 |                 0.0 | 0.0 | 0.0 | 0.0 | 0.0 | 0.0 | 0.0 | 0.0 | 0.0 | 0.0 | 0.0 | 0.0 | 0.0 | 0.0 | 0.0 |
|               eHWC_J1825-134_ecpl.spectral.index |                   0.0 |                   0.0 | 0.0 |                   0.0 | 0.0 |                  0.0 |                   0.0 | 0.0 |                    0.0 | 0.0 |                   0.0 | 0.0 |                   0.0 |                  0.0 |                   0.0 |                  0.0 | 0.0 | 0.0 |                   0.0 | 0.0 |                  0.0 |                 0.0 | 0.0 | 0.0 | 0.0 | 0.0 | 0.0 | 0.0 | 0.0 | 0.0 | 0.0 | 0.0 | 0.0 | 0.0 | 0.0 | 0.0 |
|           eHWC_J1825-134_ecpl.spectral.amplitude |                   0.0 |                   0.0 | 0.0 |                   0.0 | 0.0 |                  0.0 |                   0.0 | 0.0 |                    0.0 | 0.0 |                   0.0 | 0.0 |                   0.0 |                  0.0 |                   0.0 |                  0.0 | 0.0 | 0.0 |                   0.0 | 0.0 |                  0.0 |                 0.0 | 0.0 | 0.0 | 0.0 | 0.0 | 0.0 | 0.0 | 0.0 | 0.0 | 0.0 | 0.0 | 0.0 | 0.0 | 0.0 | 0.0 |
|           eHWC_J1825-134_ecpl.spectral.reference |                   0.0 |                   0.0 | 0.0 |                   0.0 | 0.0 |                  0.0 |                   0.0 | 0.0 |                    0.0 | 0.0 |                   0.0 | 0.0 |                   0.0 |                  0.0 |                   0.0 |                  0.0 | 0.0 | 0.0 |                   0.0 | 0.0 |                  0.0 |                 0.0 | 0.0 | 0.0 | 0.0 | 0.0 | 0.0 | 0.0 | 0.0 | 0.0 | 0.0 | 0.0 | 0.0 | 0.0 | 0.0 | 0.0 |
|             eHWC_J1825-134_ecpl.spectral.lambda_ |                   0.0 |                   0.0 | 0.0 |                   0.0 | 0.0 |                  0.0 |                   0.0 | 0.0 |                    0.0 | 0.0 |                   0.0 | 0.0 |                   0.0 |                  0.0 |                   0.0 |                  0.0 | 0.0 | 0.0 |                   0.0 | 0.0 |                  0.0 |                 0.0 | 0.0 | 0.0 | 0.0 | 0.0 | 0.0 | 0.0 | 0.0 | 0.0 | 0.0 | 0.0 | 0.0 | 0.0 | 0.0 | 0.0 |
|               eHWC_J1825-134_ecpl.spectral.alpha |                   0.0 |                   0.0 | 0.0 |                   0.0 | 0.0 |                  0.0 |                   0.0 | 0.0 |                    0.0 | 0.0 |                   0.0 | 0.0 |                   0.0 |                  0.0 |                   0.0 |                  0.0 | 0.0 | 0.0 |                   0.0 | 0.0 |                  0.0 |                 0.0 | 0.0 | 0.0 | 0.0 | 0.0 | 0.0 | 0.0 | 0.0 | 0.0 | 0.0 | 0.0 | 0.0 | 0.0 | 0.0 | 0.0 |
|          LHAASO_J1825-1326_lp.spectral.amplitude |                   0.0 |                   0.0 | 0.0 |                   0.0 | 0.0 |                  0.0 |                   0.0 | 0.0 |                    0.0 | 0.0 |                   0.0 | 0.0 |                   0.0 |                  0.0 |                   0.0 |                  0.0 | 0.0 | 0.0 |                   0.0 | 0.0 |                  0.0 |                 0.0 | 0.0 | 0.0 | 0.0 | 0.0 | 0.0 | 0.0 | 0.0 | 0.0 | 0.0 | 0.0 | 0.0 | 0.0 | 0.0 | 0.0 |
|          LHAASO_J1825-1326_lp.spectral.reference |                   0.0 |                   0.0 | 0.0 |                   0.0 | 0.0 |                  0.0 |                   0.0 | 0.0 |                    0.0 | 0.0 |                   0.0 | 0.0 |                   0.0 |                  0.0 |                   0.0 |                  0.0 | 0.0 | 0.0 |                   0.0 | 0.0 |                  0.0 |                 0.0 | 0.0 | 0.0 | 0.0 | 0.0 | 0.0 | 0.0 | 0.0 | 0.0 | 0.0 | 0.0 | 0.0 | 0.0 | 0.0 | 0.0 |
|              LHAASO_J1825-1326_lp.spectral.alpha |                   0.0 |                   0.0 | 0.0 |                   0.0 | 0.0 |                  0.0 |                   0.0 | 0.0 |                    0.0 | 0.0 |                   0.0 | 0.0 |                   0.0 |                  0.0 |                   0.0 |                  0.0 | 0.0 | 0.0 |                   0.0 | 0.0 |                  0.0 |                 0.0 | 0.0 | 0.0 | 0.0 | 0.0 | 0.0 | 0.0 | 0.0 | 0.0 | 0.0 | 0.0 | 0.0 | 0.0 | 0.0 | 0.0 |
|               LHAASO_J1825-1326_lp.spectral.beta |                   0.0 |                   0.0 | 0.0 |                   0.0 | 0.0 |                  0.0 |                   0.0 | 0.0 |                    0.0 | 0.0 |                   0.0 | 0.0 |                   0.0 |                  0.0 |                   0.0 |                  0.0 | 0.0 | 0.0 |                   0.0 | 0.0 |                  0.0 |                 0.0 | 0.0 | 0.0 | 0.0 | 0.0 | 0.0 | 0.0 | 0.0 | 0.0 | 0.0 | 0.0 | 0.0 | 0.0 | 0.0 | 0.0 |
